1900000000001	1	099	9001	0	01/01/2026 10:00	1	1	21000	01/01/2026 10:06	0	0	0		0	01	1	901	2	1	10500	0	1		SIN GRUPO
1900000000001	1	099	9001	0	01/01/2026 10:00	1	1	54000	01/01/2026 10:06	0	0	0		0	01	2	902	3	1	11000	0	1		SIN GRUPO
1900000000001	1	099	9001	0	01/01/2026 10:00	1	1	65500	01/01/2026 10:06	0	0	0		0	01	3	903	1	1	11500	0	1		SIN GRUPO
1900000000001	1	099	9001	0	01/01/2026 10:00	1	1	89500	01/01/2026 10:06	0	0	0		0	01	4	904	2	1	12000	0	1		SIN GRUPO
1900000000001	1	099	9001	0	01/01/2026 10:00	1	1	127000	01/01/2026 10:06	0	0	0		0	01	5	905	3	1	12500	0	1		SIN GRUPO
1900000000001	1	099	9001	0	01/01/2026 10:00	1	1	140000	01/01/2026 10:06	0	0	0		0	01	6	906	1	1	13000	0	1		SIN GRUPO
1900000000002	1	099	9002	0	01/01/2026 10:00	3	1	21000	01/01/2026 10:03	0	0	0		0	01	1	901	2	1	10500	0	1		SIN GRUPO
1900000000002	1	099	9002	0	01/01/2026 10:00	3	1	54000	01/01/2026 10:03	0	0	0		0	01	2	902	3	1	11000	0	1		SIN GRUPO
1900000000002	1	099	9002	0	01/01/2026 10:00	3	1	65500	01/01/2026 10:03	0	0	0		0	01	3	903	1	1	11500	0	1		SIN GRUPO
1900000000003	1	098	9003	0	01/01/2026 10:00	1	1	21000	01/01/2026 10:04	0	0	0		0	01	1	901	2	1	10500	0	1		SIN GRUPO
1900000000003	1	098	9003	0	01/01/2026 10:00	1	1	54000	01/01/2026 10:04	0	0	0		0	01	2	902	3	1	11000	0	1		SIN GRUPO
1900000000003	1	098	9003	0	01/01/2026 10:00	1	1	65500	01/01/2026 10:04	0	0	0		0	01	3	903	1	1	11500	0	1		SIN GRUPO
1900000000003	1	098	9003	0	01/01/2026 10:00	1	1	89500	01/01/2026 10:04	0	0	0		0	01	4	904	2	1	12000	0	1		SIN GRUPO
1900000000003	1	098	9003	0	01/01/2026 10:00	1	1	127000	01/01/2026 10:04	0	0	0		0	01	5	905	3	1	12500	0	1		SIN GRUPO
1900000000003	1	098	9003	0	01/01/2026 10:00	1	1	140000	01/01/2026 10:04	0	0	0		0	01	6	906	1	1	13000	0	1		SIN GRUPO
1900000000003	1	098	9003	0	01/01/2026 10:00	1	1	167000	01/01/2026 10:04	0	0	0		0	01	7	907	2	1	13500	0	1		SIN GRUPO
1900000000003	1	098	9003	0	01/01/2026 10:00	1	1	209000	01/01/2026 10:04	0	0	0		0	01	8	908	3	1	14000	0	1		SIN GRUPO
1900000000003	1	098	9003	0	01/01/2026 10:00	1	1	223500	01/01/2026 10:04	0	0	0		0	01	9	909	1	1	14500	0	1		SIN GRUPO
1900000000003	1	098	9003	0	01/01/2026 10:00	1	1	253500	01/01/2026 10:04	0	0	0		0	01	10	910	2	1	15000	0	1		SIN GRUPO
1900000000003	1	098	9003	0	01/01/2026 10:00	1	1	300000	01/01/2026 10:04	0	0	0		0	01	11	911	3	1	15500	0	1		SIN GRUPO
1900000000003	1	098	9003	0	01/01/2026 10:00	1	1	316000	01/01/2026 10:04	0	0	0		0	01	12	912	1	1	16000	0	1		SIN GRUPO
1900000000003	1	098	9003	0	01/01/2026 10:00	1	1	349000	01/01/2026 10:04	0	0	0		0	01	13	913	2	1	16500	0	1		SIN GRUPO
1900000000003	1	098	9003	0	01/01/2026 10:00	1	1	400000	01/01/2026 10:04	0	0	0		0	01	14	914	3	1	17000	0	1		SIN GRUPO
